-122.5 0 0 0 0
-122.6 0 0 0 0
-122.7 0 0 0 0
-122.8 1 0 0 0
-122.9 0 0 0 0
-123.0 2 0 0 0
-123.1 3 0 0 0
-123.2 1 0 0 0
-123.3 0 0 0 0
-123.4 1 0 0 0
-123.5 0 0 0 0
-123.6 0 0 0 0
-123.7 0 0 0 0
-123.8 1 0 0 0
-123.9 0 0 0 0
-124.0 0 0 0 0
-124.1 0 0 0 0
-124.2 0 0 0 0
-124.3 2 0 0 0
-124.4 0 0 0 0
-124.5 2 0 0 0
-124.6 4 0 0 0
-124.7 3 0 0 0
-124.8 5 0 0 0
-124.9 0 0 0 0
-125.0 4 0 0 0
-125.1 3 0 0 0
-125.2 3 0 0 0
-125.3 7 0 0 0
-125.4 8 0 0 0
-125.5 6 0 0 0
-125.6 11 0 0 0
-125.7 10 0 0 0
-125.8 21 0 0 0
-125.9 16 0 0 0
-126.0 21 0 0 0
-126.1 27 0 0 0
-126.2 27 0 0 0
-126.3 41 0 0 0
-126.4 34 0 0 0
-126.5 41 0 0 0
-126.6 54 0 0 0
-126.7 50 0 0 0
-126.8 58 0 0 0
-126.9 79 0 0 0
-127.0 68 0 0 0
-127.1 78 0 0 0
-127.2 74 0 0 0
-127.3 77 0 0 0
-127.4 82 0 0 0
-127.5 80 0 0 0
-127.6 84 0 0 0
-127.7 88 0 0 0
-127.8 96 0 0 0
-127.9 96 0 0 0
-128.0 95 0 0 0
-128.1 98 0 0 0
-128.2 98 0 0 0
-128.3 100 0 0 0
-122.5 1 0 1 0
-122.6 0 0 1 0
-122.7 0 0 1 0
-122.8 0 0 1 0
-122.9 0 0 1 0
-123.0 0 0 1 0
-123.1 0 0 1 0
-123.2 4 0 1 0
-123.3 1 0 1 0
-123.4 0 0 1 0
-123.5 0 0 1 0
-123.6 0 0 1 0
-123.7 0 0 1 0
-123.8 0 0 1 0
-123.9 1 0 1 0
-124.0 0 0 1 0
-124.1 1 0 1 0
-124.2 0 0 1 0
-124.3 0 0 1 0
-124.4 2 0 1 0
-124.5 2 0 1 0
-124.6 4 0 1 0
-124.7 2 0 1 0
-124.8 7 0 1 0
-124.9 6 0 1 0
-125.0 4 0 1 0
-125.1 6 0 1 0
-125.2 6 0 1 0
-125.3 16 0 1 0
-125.4 8 0 1 0
-125.5 10 0 1 0
-125.6 14 0 1 0
-125.7 19 0 1 0
-125.8 24 0 1 0
-125.9 24 0 1 0
-126.0 21 0 1 0
-126.1 34 0 1 0
-126.2 38 0 1 0
-126.3 42 0 1 0
-126.4 40 0 1 0
-126.5 46 0 1 0
-126.6 54 0 1 0
-126.7 58 0 1 0
-126.8 66 0 1 0
-126.9 70 0 1 0
-127.0 71 0 1 0
-127.1 82 0 1 0
-127.2 78 0 1 0
-127.3 92 0 1 0
-127.4 78 0 1 0
-127.5 91 0 1 0
-127.6 96 0 1 0
-127.7 92 0 1 0
-127.8 95 0 1 0
-127.9 96 0 1 0
-128.0 94 0 1 0
-128.1 100 0 1 0
-122.5 0 0 2 0
-122.6 1 0 2 0
-122.7 0 0 2 0
-122.8 0 0 2 0
-122.9 0 0 2 0
-123.0 0 0 2 0
-123.1 2 0 2 0
-123.2 0 0 2 0
-123.3 1 0 2 0
-123.4 0 0 2 0
-123.5 1 0 2 0
-123.6 2 0 2 0
-123.7 0 0 2 0
-123.8 2 0 2 0
-123.9 2 0 2 0
-124.0 0 0 2 0
-124.1 2 0 2 0
-124.2 2 0 2 0
-124.3 4 0 2 0
-124.4 4 0 2 0
-124.5 2 0 2 0
-124.6 5 0 2 0
-124.7 9 0 2 0
-124.8 9 0 2 0
-124.9 8 0 2 0
-125.0 7 0 2 0
-125.1 16 0 2 0
-125.2 16 0 2 0
-125.3 24 0 2 0
-125.4 22 0 2 0
-125.5 22 0 2 0
-125.6 32 0 2 0
-125.7 34 0 2 0
-125.8 42 0 2 0
-125.9 43 0 2 0
-126.0 43 0 2 0
-126.1 54 0 2 0
-126.2 60 0 2 0
-126.3 68 0 2 0
-126.4 71 0 2 0
-126.5 63 0 2 0
-126.6 78 0 2 0
-126.7 86 0 2 0
-126.8 87 0 2 0
-126.9 90 0 2 0
-127.0 91 0 2 0
-127.1 92 0 2 0
-127.2 92 0 2 0
-127.3 96 0 2 0
-127.4 96 0 2 0
-127.5 96 0 2 0
-127.6 99 0 2 0
-127.7 98 0 2 0
-127.8 100 0 2 0
-127.9 98 0 2 0
-128.0 100 0 2 0
-128.1 100 0 2 0
-122.5 0 0 3 0
-122.6 0 0 3 0
-122.7 0 0 3 0
-122.8 0 0 3 0
-122.9 0 0 3 0
-123.0 0 0 3 0
-123.1 1 0 3 0
-123.2 1 0 3 0
-123.3 0 0 3 0
-123.4 0 0 3 0
-123.5 1 0 3 0
-123.6 0 0 3 0
-123.7 3 0 3 0
-123.8 0 0 3 0
-123.9 2 0 3 0
-124.0 0 0 3 0
-124.1 3 0 3 0
-124.2 2 0 3 0
-124.3 8 0 3 0
-124.4 6 0 3 0
-124.5 4 0 3 0
-124.6 4 0 3 0
-124.7 6 0 3 0
-124.8 6 0 3 0
-124.9 6 0 3 0
-125.0 6 0 3 0
-125.1 7 0 3 0
-125.2 10 0 3 0
-125.3 21 0 3 0
-125.4 16 0 3 0
-125.5 18 0 3 0
-125.6 20 0 3 0
-125.7 27 0 3 0
-125.8 36 0 3 0
-125.9 28 0 3 0
-126.0 32 0 3 0
-126.1 42 0 3 0
-126.2 44 0 3 0
-126.3 55 0 3 0
-126.4 54 0 3 0
-126.5 51 0 3 0
-126.6 66 0 3 0
-126.7 66 0 3 0
-126.8 80 0 3 0
-126.9 78 0 3 0
-127.0 76 0 3 0
-127.1 79 0 3 0
-127.2 84 0 3 0
-127.3 89 0 3 0
-127.4 86 0 3 0
-127.5 92 0 3 0
-127.6 96 0 3 0
-127.7 98 0 3 0
-127.8 99 0 3 0
-127.9 98 0 3 0
-128.0 97 0 3 0
-128.1 100 0 3 0
-122.5 0 0 4 0
-122.6 0 0 4 0
-122.7 0 0 4 0
-122.8 0 0 4 0
-122.9 0 0 4 0
-123.0 0 0 4 0
-123.1 0 0 4 0
-123.2 0 0 4 0
-123.3 1 0 4 0
-123.4 0 0 4 0
-123.5 0 0 4 0
-123.6 0 0 4 0
-123.7 2 0 4 0
-123.8 2 0 4 0
-123.9 2 0 4 0
-124.0 0 0 4 0
-124.1 1 0 4 0
-124.2 1 0 4 0
-124.3 2 0 4 0
-124.4 3 0 4 0
-124.5 2 0 4 0
-124.6 4 0 4 0
-124.7 6 0 4 0
-124.8 4 0 4 0
-124.9 4 0 4 0
-125.0 6 0 4 0
-125.1 11 0 4 0
-125.2 12 0 4 0
-125.3 12 0 4 0
-125.4 12 0 4 0
-125.5 14 0 4 0
-125.6 20 0 4 0
-125.7 21 0 4 0
-125.8 30 0 4 0
-125.9 28 0 4 0
-126.0 28 0 4 0
-126.1 44 0 4 0
-126.2 43 0 4 0
-126.3 48 0 4 0
-126.4 51 0 4 0
-126.5 60 0 4 0
-126.6 67 0 4 0
-126.7 68 0 4 0
-126.8 80 0 4 0
-126.9 78 0 4 0
-127.0 80 0 4 0
-127.1 90 0 4 0
-127.2 86 0 4 0
-127.3 89 0 4 0
-127.4 92 0 4 0
-127.5 92 0 4 0
-127.6 96 0 4 0
-127.7 96 0 4 0
-127.8 98 0 4 0
-127.9 100 0 4 0
-128.0 98 0 4 0
-128.1 100 0 4 0
-122.5 1 0 5 0
-122.6 3 0 5 0
-122.7 0 0 5 0
-122.8 0 0 5 0
-122.9 0 0 5 0
-123.0 0 0 5 0
-123.1 1 0 5 0
-123.2 2 0 5 0
-123.3 0 0 5 0
-123.4 1 0 5 0
-123.5 2 0 5 0
-123.6 1 0 5 0
-123.7 1 0 5 0
-123.8 2 0 5 0
-123.9 1 0 5 0
-124.0 2 0 5 0
-124.1 4 0 5 0
-124.2 1 0 5 0
-124.3 4 0 5 0
-124.4 3 0 5 0
-124.5 2 0 5 0
-124.6 9 0 5 0
-124.7 6 0 5 0
-124.8 9 0 5 0
-124.9 6 0 5 0
-125.0 8 0 5 0
-125.1 8 0 5 0
-125.2 8 0 5 0
-125.3 14 0 5 0
-125.4 16 0 5 0
-125.5 18 0 5 0
-125.6 24 0 5 0
-125.7 24 0 5 0
-125.8 33 0 5 0
-125.9 36 0 5 0
-126.0 36 0 5 0
-126.1 48 0 5 0
-126.2 47 0 5 0
-126.3 58 0 5 0
-126.4 59 0 5 0
-126.5 60 0 5 0
-126.6 70 0 5 0
-126.7 70 0 5 0
-126.8 82 0 5 0
-126.9 81 0 5 0
-127.0 82 0 5 0
-127.1 88 0 5 0
-127.2 88 0 5 0
-127.3 92 0 5 0
-127.4 94 0 5 0
-127.5 92 0 5 0
-127.6 96 0 5 0
-127.7 99 0 5 0
-127.8 100 0 5 0
-127.9 99 0 5 0
-128.0 99 0 5 0
-128.1 100 0 5 0
-128.2 100 0 5 0
-128.3 100 0 5 0
-122.5 0 0 6 0
-122.6 0 0 6 0
-122.7 0 0 6 0
-122.8 0 0 6 0
-122.9 0 0 6 0
-123.0 1 0 6 0
-123.1 45 0 6 0
-123.2 2 0 6 0
-123.3 1 0 6 0
-123.4 0 0 6 0
-123.5 2 0 6 0
-123.6 0 0 6 0
-123.7 0 0 6 0
-123.8 1 0 6 0
-123.9 2 0 6 0
-124.0 0 0 6 0
-124.1 2 0 6 0
-124.2 1 0 6 0
-124.3 2 0 6 0
-124.4 2 0 6 0
-124.5 2 0 6 0
-124.6 8 0 6 0
-124.7 3 0 6 0
-124.8 12 0 6 0
-124.9 10 0 6 0
-125.0 6 0 6 0
-125.1 16 0 6 0
-125.2 16 0 6 0
-125.3 14 0 6 0
-125.4 21 0 6 0
-125.5 20 0 6 0
-125.6 30 0 6 0
-125.7 36 0 6 0
-125.8 47 0 6 0
-125.9 50 0 6 0
-126.0 38 0 6 0
-126.1 55 0 6 0
-126.2 54 0 6 0
-126.3 63 0 6 0
-126.4 72 0 6 0
-126.5 62 0 6 0
-126.6 80 0 6 0
-126.7 76 0 6 0
-126.8 90 0 6 0
-126.9 86 0 6 0
-127.0 86 0 6 0
-127.1 91 0 6 0
-127.2 88 0 6 0
-127.3 98 0 6 0
-127.4 98 0 6 0
-127.5 98 0 6 0
-127.6 98 0 6 0
-127.7 98 0 6 0
-127.8 98 0 6 0
-127.9 100 0 6 0
-128.0 99 0 6 0
-128.1 100 0 6 0
-122.5 1 0 7 0
-122.6 4 0 7 0
-122.7 0 0 7 0
-122.8 0 0 7 0
-122.9 2 0 7 0
-123.0 2 0 7 0
-123.1 2 0 7 0
-123.2 1 0 7 0
-123.3 4 0 7 0
-123.4 1 0 7 0
-123.5 7 0 7 0
-123.6 6 0 7 0
-123.7 1 0 7 0
-123.8 6 0 7 0
-123.9 6 0 7 0
-124.0 2 0 7 0
-124.1 4 0 7 0
-124.2 4 0 7 0
-124.3 7 0 7 0
-124.4 6 0 7 0
-124.5 8 0 7 0
-124.6 16 0 7 0
-124.7 16 0 7 0
-124.8 20 0 7 0
-124.9 20 0 7 0
-125.0 24 0 7 0
-125.1 34 0 7 0
-125.2 22 0 7 0
-125.3 42 0 7 0
-125.4 40 0 7 0
-125.5 38 0 7 0
-125.6 55 0 7 0
-125.7 56 0 7 0
-125.8 67 0 7 0
-125.9 70 0 7 0
-126.0 69 0 7 0
-126.1 78 0 7 0
-126.2 74 0 7 0
-126.3 91 0 7 0
-126.4 84 0 7 0
-126.5 86 0 7 0
-126.6 93 0 7 0
-126.7 94 0 7 0
-126.8 96 0 7 0
-126.9 98 0 7 0
-127.0 98 0 7 0
-127.1 99 0 7 0
-127.2 97 0 7 0
-127.3 100 0 7 0
-127.4 100 0 7 0
-127.5 100 0 7 0
-127.6 100 0 7 0
-122.5 4 1 0 20
-122.6 0 1 0 20
-122.7 0 1 0 20
-122.8 0 1 0 20
-122.9 0 1 0 20
-123.0 0 1 0 20
-123.1 0 1 0 20
-123.2 0 1 0 20
-123.3 0 1 0 20
-123.4 2 1 0 20
-123.5 0 1 0 20
-123.6 0 1 0 20
-123.7 0 1 0 20
-123.8 0 1 0 20
-123.9 0 1 0 20
-124.0 2 1 0 20
-124.1 1 1 0 20
-124.2 2 1 0 20
-124.3 2 1 0 20
-124.4 2 1 0 20
-124.5 4 1 0 20
-124.6 4 1 0 20
-124.7 2 1 0 20
-124.8 6 1 0 20
-124.9 6 1 0 20
-125.0 4 1 0 20
-125.1 7 1 0 20
-125.2 6 1 0 20
-125.3 12 1 0 20
-125.4 13 1 0 20
-125.5 8 1 0 20
-125.6 18 1 0 20
-125.7 14 1 0 20
-125.8 28 1 0 20
-125.9 26 1 0 20
-126.0 28 1 0 20
-126.1 32 1 0 20
-126.2 33 1 0 20
-126.3 52 1 0 20
-126.4 48 1 0 20
-126.5 56 1 0 20
-126.6 60 1 0 20
-126.7 60 1 0 20
-126.8 100 1 0 20
-126.9 73 1 0 20
-127.0 72 1 0 20
-127.1 78 1 0 20
-127.2 80 1 0 20
-127.3 86 1 0 20
-127.4 90 1 0 20
-127.5 89 1 0 20
-127.6 96 1 0 20
-127.7 94 1 0 20
-127.8 97 1 0 20
-127.9 96 1 0 20
-128.0 98 1 0 20
-128.1 98 1 0 20
-128.2 99 1 0 20
-128.3 100 1 0 20
-122.5 1 1 1 20
-122.6 0 1 1 20
-122.7 0 1 1 20
-122.8 0 1 1 20
-122.9 0 1 1 20
-123.0 0 1 1 20
-123.1 0 1 1 20
-123.2 0 1 1 20
-123.3 0 1 1 20
-123.4 1 1 1 20
-123.5 0 1 1 20
-123.6 1 1 1 20
-123.7 0 1 1 20
-123.8 0 1 1 20
-123.9 2 1 1 20
-124.0 0 1 1 20
-124.1 2 1 1 20
-124.2 2 1 1 20
-124.3 1 1 1 20
-124.4 0 1 1 20
-124.5 2 1 1 20
-124.6 8 1 1 20
-124.7 2 1 1 20
-124.8 8 1 1 20
-124.9 6 1 1 20
-125.0 6 1 1 20
-125.1 10 1 1 20
-125.2 10 1 1 20
-125.3 12 1 1 20
-125.4 16 1 1 20
-125.5 17 1 1 20
-125.6 93 1 1 20
-125.7 25 1 1 20
-125.8 78 1 1 20
-125.9 34 1 1 20
-126.0 34 1 1 20
-126.1 46 1 1 20
-126.2 44 1 1 20
-126.3 56 1 1 20
-126.4 50 1 1 20
-126.5 58 1 1 20
-126.6 72 1 1 20
-126.7 70 1 1 20
-126.8 80 1 1 20
-126.9 76 1 1 20
-127.0 82 1 1 20
-127.1 84 1 1 20
-127.2 80 1 1 20
-127.3 92 1 1 20
-127.4 91 1 1 20
-127.5 92 1 1 20
-127.6 98 1 1 20
-127.7 97 1 1 20
-127.8 98 1 1 20
-127.9 97 1 1 20
-128.0 98 1 1 20
-128.1 100 1 1 20
-122.5 0 1 2 20
-122.6 0 1 2 20
-122.7 2 1 2 20
-122.8 1 1 2 20
-122.9 2 1 2 20
-123.0 0 1 2 20
-123.1 1 1 2 20
-123.2 0 1 2 20
-123.3 0 1 2 20
-123.4 2 1 2 20
-123.5 0 1 2 20
-123.6 2 1 2 20
-123.7 0 1 2 20
-123.8 0 1 2 20
-123.9 2 1 2 20
-124.0 3 1 2 20
-124.1 6 1 2 20
-124.2 4 1 2 20
-124.3 5 1 2 20
-124.4 8 1 2 20
-124.5 5 1 2 20
-124.6 10 1 2 20
-124.7 10 1 2 20
-124.8 14 1 2 20
-124.9 16 1 2 20
-125.0 10 1 2 20
-125.1 16 1 2 20
-125.2 20 1 2 20
-125.3 36 1 2 20
-125.4 33 1 2 20
-125.5 30 1 2 20
-125.6 42 1 2 20
-125.7 40 1 2 20
-125.8 51 1 2 20
-125.9 52 1 2 20
-126.0 49 1 2 20
-126.1 60 1 2 20
-126.2 61 1 2 20
-126.3 78 1 2 20
-126.4 82 1 2 20
-126.5 74 1 2 20
-126.6 81 1 2 20
-126.7 85 1 2 20
-126.8 93 1 2 20
-126.9 90 1 2 20
-127.0 92 1 2 20
-127.1 96 1 2 20
-127.2 96 1 2 20
-127.3 98 1 2 20
-127.4 98 1 2 20
-127.5 98 1 2 20
-127.6 100 1 2 20
-127.7 99 1 2 20
-127.8 100 1 2 20
-122.5 1 1 3 20
-122.6 0 1 3 20
-122.7 0 1 3 20
-122.8 0 1 3 20
-122.9 0 1 3 20
-123.0 0 1 3 20
-123.1 0 1 3 20
-123.2 1 1 3 20
-123.3 0 1 3 20
-123.4 2 1 3 20
-123.5 2 1 3 20
-123.6 2 1 3 20
-123.7 4 1 3 20
-123.8 2 1 3 20
-123.9 2 1 3 20
-124.0 4 1 3 20
-124.1 2 1 3 20
-124.2 2 1 3 20
-124.3 5 1 3 20
-124.4 4 1 3 20
-124.5 8 1 3 20
-124.6 7 1 3 20
-124.7 11 1 3 20
-124.8 12 1 3 20
-124.9 15 1 3 20
-125.0 8 1 3 20
-125.1 19 1 3 20
-125.2 16 1 3 20
-125.3 22 1 3 20
-125.4 22 1 3 20
-125.5 18 1 3 20
-125.6 39 1 3 20
-125.7 34 1 3 20
-125.8 42 1 3 20
-125.9 42 1 3 20
-126.0 40 1 3 20
-126.1 56 1 3 20
-126.2 48 1 3 20
-126.3 60 1 3 20
-126.4 64 1 3 20
-126.5 70 1 3 20
-126.6 72 1 3 20
-126.7 80 1 3 20
-126.8 87 1 3 20
-126.9 88 1 3 20
-127.0 82 1 3 20
-127.1 90 1 3 20
-127.2 90 1 3 20
-127.3 96 1 3 20
-127.4 94 1 3 20
-127.5 96 1 3 20
-127.6 100 1 3 20
-127.7 99 1 3 20
-127.8 100 1 3 20
-127.9 100 1 3 20
-122.5 0 1 4 20
-122.6 0 1 4 20
-122.7 0 1 4 20
-122.8 0 1 4 20
-122.9 2 1 4 20
-123.0 2 1 4 20
-123.1 0 1 4 20
-123.2 0 1 4 20
-123.3 1 1 4 20
-123.4 2 1 4 20
-123.5 1 1 4 20
-123.6 0 1 4 20
-123.7 2 1 4 20
-123.8 0 1 4 20
-123.9 3 1 4 20
-124.0 1 1 4 20
-124.1 2 1 4 20
-124.2 2 1 4 20
-124.3 3 1 4 20
-124.4 4 1 4 20
-124.5 2 1 4 20
-124.6 6 1 4 20
-124.7 4 1 4 20
-124.8 10 1 4 20
-124.9 8 1 4 20
-125.0 12 1 4 20
-125.1 14 1 4 20
-125.2 11 1 4 20
-125.3 22 1 4 20
-125.4 20 1 4 20
-125.5 22 1 4 20
-125.6 24 1 4 20
-125.7 33 1 4 20
-125.8 44 1 4 20
-125.9 32 1 4 20
-126.0 38 1 4 20
-126.1 56 1 4 20
-126.2 48 1 4 20
-126.3 62 1 4 20
-126.4 58 1 4 20
-126.5 62 1 4 20
-126.6 74 1 4 20
-126.7 76 1 4 20
-126.8 88 1 4 20
-126.9 89 1 4 20
-127.0 82 1 4 20
-127.1 86 1 4 20
-127.2 87 1 4 20
-127.3 96 1 4 20
-127.4 94 1 4 20
-127.5 94 1 4 20
-127.6 99 1 4 20
-127.7 96 1 4 20
-127.8 100 1 4 20
-127.9 99 1 4 20
-128.0 99 1 4 20
-128.1 100 1 4 20
-128.2 99 1 4 20
-128.3 100 1 4 20
-122.5 0 1 5 20
-122.6 0 1 5 20
-122.7 0 1 5 20
-122.8 0 1 5 20
-122.9 0 1 5 20
-123.0 0 1 5 20
-123.1 0 1 5 20
-123.2 1 1 5 20
-123.3 1 1 5 20
-123.4 2 1 5 20
-123.5 0 1 5 20
-123.6 0 1 5 20
-123.7 2 1 5 20
-123.8 3 1 5 20
-123.9 2 1 5 20
-124.0 2 1 5 20
-124.1 2 1 5 20
-124.2 4 1 5 20
-124.3 4 1 5 20
-124.4 2 1 5 20
-124.5 12 1 5 20
-124.6 12 1 5 20
-124.7 8 1 5 20
-124.8 9 1 5 20
-124.9 6 1 5 20
-125.0 6 1 5 20
-125.1 12 1 5 20
-125.2 11 1 5 20
-125.3 16 1 5 20
-125.4 20 1 5 20
-125.5 16 1 5 20
-125.6 26 1 5 20
-125.7 26 1 5 20
-125.8 44 1 5 20
-125.9 40 1 5 20
-126.0 38 1 5 20
-126.1 43 1 5 20
-126.2 54 1 5 20
-126.3 61 1 5 20
-126.4 65 1 5 20
-126.5 66 1 5 20
-126.6 78 1 5 20
-126.7 74 1 5 20
-126.8 88 1 5 20
-126.9 86 1 5 20
-127.0 83 1 5 20
-127.1 91 1 5 20
-127.2 90 1 5 20
-127.3 93 1 5 20
-127.4 92 1 5 20
-127.5 94 1 5 20
-127.6 99 1 5 20
-127.7 98 1 5 20
-127.8 98 1 5 20
-127.9 100 1 5 20
-122.5 0 1 6 20
-122.6 0 1 6 20
-122.7 0 1 6 20
-122.8 0 1 6 20
-122.9 0 1 6 20
-123.0 0 1 6 20
-123.1 0 1 6 20
-123.2 1 1 6 20
-123.3 0 1 6 20
-123.4 0 1 6 20
-123.5 0 1 6 20
-123.6 0 1 6 20
-123.7 1 1 6 20
-123.8 0 1 6 20
-123.9 2 1 6 20
-124.0 0 1 6 20
-124.1 3 1 6 20
-124.2 2 1 6 20
-124.3 4 1 6 20
-124.4 6 1 6 20
-124.5 6 1 6 20
-124.6 7 1 6 20
-124.7 6 1 6 20
-124.8 10 1 6 20
-124.9 17 1 6 20
-125.0 10 1 6 20
-125.1 16 1 6 20
-125.2 14 1 6 20
-125.3 20 1 6 20
-125.4 26 1 6 20
-125.5 24 1 6 20
-125.6 28 1 6 20
-125.7 30 1 6 20
-125.8 51 1 6 20
-125.9 44 1 6 20
-126.0 48 1 6 20
-126.1 58 1 6 20
-126.2 54 1 6 20
-126.3 69 1 6 20
-126.4 68 1 6 20
-126.5 72 1 6 20
-126.6 79 1 6 20
-126.7 72 1 6 20
-126.8 91 1 6 20
-126.9 88 1 6 20
-127.0 90 1 6 20
-127.1 96 1 6 20
-127.2 91 1 6 20
-127.3 96 1 6 20
-127.4 98 1 6 20
-127.5 98 1 6 20
-127.6 98 1 6 20
-127.7 100 1 6 20
-127.8 98 1 6 20
-127.9 100 1 6 20
-122.5 2 1 7 20
-122.6 1 1 7 20
-122.7 2 1 7 20
-122.8 1 1 7 20
-122.9 4 1 7 20
-123.0 0 1 7 20
-123.1 0 1 7 20
-123.2 1 1 7 20
-123.3 4 1 7 20
-123.4 1 1 7 20
-123.5 2 1 7 20
-123.6 4 1 7 20
-123.7 2 1 7 20
-123.8 4 1 7 20
-123.9 4 1 7 20
-124.0 4 1 7 20
-124.1 4 1 7 20
-124.2 4 1 7 20
-124.3 15 1 7 20
-124.4 8 1 7 20
-124.5 12 1 7 20
-124.6 16 1 7 20
-124.7 12 1 7 20
-124.8 22 1 7 20
-124.9 21 1 7 20
-125.0 22 1 7 20
-125.1 30 1 7 20
-125.2 29 1 7 20
-125.3 38 1 7 20
-125.4 38 1 7 20
-125.5 42 1 7 20
-125.6 53 1 7 20
-125.7 61 1 7 20
-125.8 67 1 7 20
-125.9 55 1 7 20
-126.0 66 1 7 20
-126.1 76 1 7 20
-126.2 94 1 7 20
-126.3 90 1 7 20
-126.4 95 1 7 20
-126.5 86 1 7 20
-126.6 93 1 7 20
-126.7 92 1 7 20
-126.8 98 1 7 20
-126.9 94 1 7 20
-127.0 98 1 7 20
-127.1 98 1 7 20
-127.2 98 1 7 20
-127.3 98 1 7 20
-127.4 99 1 7 20
-127.5 100 1 7 20
-127.6 100 1 7 20
-127.7 100 1 7 20
-127.8 100 1 7 20
-122.5 0 2 0 40
-122.6 1 2 0 40
-122.7 0 2 0 40
-122.8 1 2 0 40
-122.9 100 2 0 40
-123.0 2 2 0 40
-123.1 0 2 0 40
-123.2 0 2 0 40
-123.3 0 2 0 40
-123.4 0 2 0 40
-123.5 2 2 0 40
-123.6 2 2 0 40
-123.7 0 2 0 40
-123.8 2 2 0 40
-123.9 0 2 0 40
-124.0 0 2 0 40
-124.1 3 2 0 40
-124.2 2 2 0 40
-124.3 3 2 0 40
-124.4 5 2 0 40
-124.5 0 2 0 40
-124.6 7 2 0 40
-124.7 4 2 0 40
-124.8 11 2 0 40
-124.9 11 2 0 40
-125.0 6 2 0 40
-125.1 10 2 0 40
-125.2 15 2 0 40
-125.3 21 2 0 40
-125.4 19 2 0 40
-125.5 24 2 0 40
-125.6 26 2 0 40
-125.7 34 2 0 40
-125.8 42 2 0 40
-125.9 38 2 0 40
-126.0 48 2 0 40
-126.1 52 2 0 40
-126.2 51 2 0 40
-126.3 70 2 0 40
-126.4 60 2 0 40
-126.5 62 2 0 40
-126.6 75 2 0 40
-126.7 78 2 0 40
-126.8 94 2 0 40
-126.9 91 2 0 40
-127.0 88 2 0 40
-127.1 88 2 0 40
-127.2 94 2 0 40
-127.3 97 2 0 40
-127.4 93 2 0 40
-127.5 98 2 0 40
-127.6 96 2 0 40
-127.7 98 2 0 40
-127.8 100 2 0 40
-122.5 2 2 1 40
-122.6 0 2 1 40
-122.7 0 2 1 40
-122.8 0 2 1 40
-122.9 0 2 1 40
-123.0 0 2 1 40
-123.1 0 2 1 40
-123.2 0 2 1 40
-123.3 2 2 1 40
-123.4 0 2 1 40
-123.5 0 2 1 40
-123.6 1 2 1 40
-123.7 0 2 1 40
-123.8 2 2 1 40
-123.9 2 2 1 40
-124.0 0 2 1 40
-124.1 2 2 1 40
-124.2 2 2 1 40
-124.3 5 2 1 40
-124.4 4 2 1 40
-124.5 5 2 1 40
-124.6 10 2 1 40
-124.7 8 2 1 40
-124.8 10 2 1 40
-124.9 11 2 1 40
-125.0 9 2 1 40
-125.1 16 2 1 40
-125.2 18 2 1 40
-125.3 24 2 1 40
-125.4 18 2 1 40
-125.5 26 2 1 40
-125.6 38 2 1 40
-125.7 34 2 1 40
-125.8 56 2 1 40
-125.9 52 2 1 40
-126.0 42 2 1 40
-126.1 59 2 1 40
-126.2 56 2 1 40
-126.3 70 2 1 40
-126.4 70 2 1 40
-126.5 67 2 1 40
-126.6 74 2 1 40
-126.7 88 2 1 40
-126.8 88 2 1 40
-126.9 89 2 1 40
-127.0 92 2 1 40
-127.1 94 2 1 40
-127.2 92 2 1 40
-127.3 94 2 1 40
-127.4 98 2 1 40
-127.5 98 2 1 40
-127.6 98 2 1 40
-127.7 100 2 1 40
-127.8 100 2 1 40
-127.9 100 2 1 40
-128.0 100 2 1 40
-122.5 0 2 2 40
-122.6 0 2 2 40
-122.7 0 2 2 40
-122.8 0 2 2 40
-122.9 2 2 2 40
-123.0 2 2 2 40
-123.1 0 2 2 40
-123.2 0 2 2 40
-123.3 1 2 2 40
-123.4 1 2 2 40
-123.5 1 2 2 40
-123.6 5 2 2 40
-123.7 7 2 2 40
-123.8 4 2 2 40
-123.9 4 2 2 40
-124.0 5 2 2 40
-124.1 12 2 2 40
-124.2 6 2 2 40
-124.3 8 2 2 40
-124.4 12 2 2 40
-124.5 8 2 2 40
-124.6 14 2 2 40
-124.7 18 2 2 40
-124.8 20 2 2 40
-124.9 20 2 2 40
-125.0 26 2 2 40
-125.1 35 2 2 40
-125.2 35 2 2 40
-125.3 51 2 2 40
-125.4 44 2 2 40
-125.5 50 2 2 40
-125.6 62 2 2 40
-125.7 56 2 2 40
-125.8 67 2 2 40
-125.9 73 2 2 40
-126.0 70 2 2 40
-126.1 79 2 2 40
-126.2 82 2 2 40
-126.3 98 2 2 40
-126.4 90 2 2 40
-126.5 92 2 2 40
-126.6 94 2 2 40
-126.7 98 2 2 40
-126.8 98 2 2 40
-126.9 98 2 2 40
-127.0 97 2 2 40
-127.1 98 2 2 40
-127.2 98 2 2 40
-127.3 99 2 2 40
-127.4 100 2 2 40
-127.5 100 2 2 40
-127.6 100 2 2 40
-127.7 100 2 2 40
-122.5 0 2 3 40
-122.6 0 2 3 40
-122.7 0 2 3 40
-122.8 0 2 3 40
-122.9 2 2 3 40
-123.0 2 2 3 40
-123.1 0 2 3 40
-123.2 1 2 3 40
-123.3 3 2 3 40
-123.4 2 2 3 40
-123.5 0 2 3 40
-123.6 3 2 3 40
-123.7 2 2 3 40
-123.8 4 2 3 40
-123.9 4 2 3 40
-124.0 2 2 3 40
-124.1 4 2 3 40
-124.2 10 2 3 40
-124.3 12 2 3 40
-124.4 7 2 3 40
-124.5 12 2 3 40
-124.6 16 2 3 40
-124.7 16 2 3 40
-124.8 20 2 3 40
-124.9 21 2 3 40
-125.0 18 2 3 40
-125.1 26 2 3 40
-125.2 26 2 3 40
-125.3 41 2 3 40
-125.4 37 2 3 40
-125.5 36 2 3 40
-125.6 53 2 3 40
-125.7 46 2 3 40
-125.8 57 2 3 40
-125.9 58 2 3 40
-126.0 53 2 3 40
-126.1 76 2 3 40
-126.2 74 2 3 40
-126.3 80 2 3 40
-126.4 82 2 3 40
-126.5 80 2 3 40
-126.6 88 2 3 40
-126.7 86 2 3 40
-126.8 96 2 3 40
-126.9 95 2 3 40
-127.0 95 2 3 40
-127.1 98 2 3 40
-127.2 97 2 3 40
-127.3 99 2 3 40
-127.4 98 2 3 40
-127.5 99 2 3 40
-127.6 100 2 3 40
-127.7 100 2 3 40
-122.5 0 2 4 40
-122.6 2 2 4 40
-122.7 1 2 4 40
-122.8 0 2 4 40
-122.9 0 2 4 40
-123.0 0 2 4 40
-123.1 1 2 4 40
-123.2 0 2 4 40
-123.3 1 2 4 40
-123.4 2 2 4 40
-123.5 1 2 4 40
-123.6 2 2 4 40
-123.7 4 2 4 40
-123.8 2 2 4 40
-123.9 4 2 4 40
-124.0 4 2 4 40
-124.1 6 2 4 40
-124.2 2 2 4 40
-124.3 12 2 4 40
-124.4 6 2 4 40
-124.5 9 2 4 40
-124.6 8 2 4 40
-124.7 16 2 4 40
-124.8 16 2 4 40
-124.9 16 2 4 40
-125.0 16 2 4 40
-125.1 24 2 4 40
-125.2 24 2 4 40
-125.3 35 2 4 40
-125.4 30 2 4 40
-125.5 28 2 4 40
-125.6 53 2 4 40
-125.7 44 2 4 40
-125.8 61 2 4 40
-125.9 58 2 4 40
-126.0 58 2 4 40
-126.1 70 2 4 40
-126.2 76 2 4 40
-126.3 88 2 4 40
-126.4 80 2 4 40
-126.5 84 2 4 40
-126.6 91 2 4 40
-126.7 87 2 4 40
-126.8 96 2 4 40
-126.9 92 2 4 40
-127.0 92 2 4 40
-127.1 94 2 4 40
-127.2 95 2 4 40
-127.3 98 2 4 40
-127.4 100 2 4 40
-127.5 98 2 4 40
-127.6 99 2 4 40
-127.7 98 2 4 40
-127.8 100 2 4 40
-127.9 100 2 4 40
-122.5 0 2 5 40
-122.6 0 2 5 40
-122.7 0 2 5 40
-122.8 2 2 5 40
-122.9 0 2 5 40
-123.0 2 2 5 40
-123.1 1 2 5 40
-123.2 3 2 5 40
-123.3 1 2 5 40
-123.4 0 2 5 40
-123.5 2 2 5 40
-123.6 2 2 5 40
-123.7 2 2 5 40
-123.8 10 2 5 40
-123.9 2 2 5 40
-124.0 4 2 5 40
-124.1 2 2 5 40
-124.2 6 2 5 40
-124.3 10 2 5 40
-124.4 7 2 5 40
-124.5 6 2 5 40
-124.6 8 2 5 40
-124.7 7 2 5 40
-124.8 14 2 5 40
-124.9 14 2 5 40
-125.0 14 2 5 40
-125.1 16 2 5 40
-125.2 14 2 5 40
-125.3 37 2 5 40
-125.4 29 2 5 40
-125.5 30 2 5 40
-125.6 46 2 5 40
-125.7 39 2 5 40
-125.8 57 2 5 40
-125.9 58 2 5 40
-126.0 50 2 5 40
-126.1 69 2 5 40
-126.2 69 2 5 40
-126.3 75 2 5 40
-126.4 72 2 5 40
-126.5 76 2 5 40
-126.6 88 2 5 40
-126.7 88 2 5 40
-126.8 95 2 5 40
-126.9 94 2 5 40
-127.0 96 2 5 40
-127.1 96 2 5 40
-127.2 94 2 5 40
-127.3 99 2 5 40
-127.4 98 2 5 40
-127.5 100 2 5 40
-122.5 0 2 6 40
-122.6 2 2 6 40
-122.7 1 2 6 40
-122.8 0 2 6 40
-122.9 0 2 6 40
-123.0 0 2 6 40
-123.1 0 2 6 40
-123.2 1 2 6 40
-123.3 2 2 6 40
-123.4 1 2 6 40
-123.5 0 2 6 40
-123.6 0 2 6 40
-123.7 2 2 6 40
-123.8 3 2 6 40
-123.9 2 2 6 40
-124.0 2 2 6 40
-124.1 4 2 6 40
-124.2 2 2 6 40
-124.3 4 2 6 40
-124.4 6 2 6 40
-124.5 7 2 6 40
-124.6 12 2 6 40
-124.7 7 2 6 40
-124.8 16 2 6 40
-124.9 16 2 6 40
-125.0 16 2 6 40
-125.1 16 2 6 40
-125.2 18 2 6 40
-125.3 29 2 6 40
-125.4 34 2 6 40
-125.5 34 2 6 40
-125.6 44 2 6 40
-125.7 42 2 6 40
-125.8 60 2 6 40
-125.9 52 2 6 40
-126.0 52 2 6 40
-126.1 66 2 6 40
-126.2 66 2 6 40
-126.3 82 2 6 40
-126.4 74 2 6 40
-126.5 85 2 6 40
-126.6 82 2 6 40
-126.7 86 2 6 40
-126.8 96 2 6 40
-126.9 95 2 6 40
-127.0 94 2 6 40
-127.1 96 2 6 40
-127.2 96 2 6 40
-127.3 96 2 6 40
-127.4 98 2 6 40
-127.5 99 2 6 40
-127.6 100 2 6 40
-127.7 98 2 6 40
-127.8 100 2 6 40
-122.5 1 2 7 40
-122.6 1 2 7 40
-122.7 1 2 7 40
-122.8 0 2 7 40
-122.9 3 2 7 40
-123.0 1 2 7 40
-123.1 2 2 7 40
-123.2 2 2 7 40
-123.3 4 2 7 40
-123.4 2 2 7 40
-123.5 3 2 7 40
-123.6 4 2 7 40
-123.7 4 2 7 40
-123.8 7 2 7 40
-123.9 5 2 7 40
-124.0 6 2 7 40
-124.1 12 2 7 40
-124.2 8 2 7 40
-124.3 16 2 7 40
-124.4 14 2 7 40
-124.5 14 2 7 40
-124.6 22 2 7 40
-124.7 20 2 7 40
-124.8 32 2 7 40
-124.9 25 2 7 40
-125.0 30 2 7 40
-125.1 42 2 7 40
-125.2 40 2 7 40
-125.3 56 2 7 40
-125.4 58 2 7 40
-125.5 56 2 7 40
-125.6 72 2 7 40
-125.7 68 2 7 40
-125.8 81 2 7 40
-125.9 80 2 7 40
-126.0 76 2 7 40
-126.1 86 2 7 40
-126.2 86 2 7 40
-126.3 92 2 7 40
-126.4 98 2 7 40
-126.5 94 2 7 40
-126.6 94 2 7 40
-126.7 96 2 7 40
-126.8 98 2 7 40
-126.9 98 2 7 40
-127.0 98 2 7 40
-127.1 98 2 7 40
-127.2 98 2 7 40
-127.3 100 2 7 40
-122.5 0 3 0 60
-122.6 2 3 0 60
-122.7 1 3 0 60
-122.8 2 3 0 60
-122.9 2 3 0 60
-123.0 0 3 0 60
-123.1 0 3 0 60
-123.2 0 3 0 60
-123.3 0 3 0 60
-123.4 2 3 0 60
-123.5 2 3 0 60
-123.6 4 3 0 60
-123.7 2 3 0 60
-123.8 2 3 0 60
-123.9 2 3 0 60
-124.0 2 3 0 60
-124.1 5 3 0 60
-124.2 4 3 0 60
-124.3 5 3 0 60
-124.4 6 3 0 60
-124.5 13 3 0 60
-124.6 14 3 0 60
-124.7 12 3 0 60
-124.8 16 3 0 60
-124.9 16 3 0 60
-125.0 21 3 0 60
-125.1 27 3 0 60
-125.2 20 3 0 60
-125.3 36 3 0 60
-125.4 36 3 0 60
-125.5 35 3 0 60
-125.6 54 3 0 60
-125.7 53 3 0 60
-125.8 60 3 0 60
-125.9 61 3 0 60
-126.0 59 3 0 60
-126.1 74 3 0 60
-126.2 70 3 0 60
-126.3 82 3 0 60
-126.4 82 3 0 60
-126.5 84 3 0 60
-126.6 92 3 0 60
-126.7 92 3 0 60
-126.8 98 3 0 60
-126.9 96 3 0 60
-127.0 98 3 0 60
-127.1 99 3 0 60
-127.2 98 3 0 60
-127.3 100 3 0 60
-122.5 0 3 1 60
-122.6 1 3 1 60
-122.7 0 3 1 60
-122.8 0 3 1 60
-122.9 0 3 1 60
-123.0 1 3 1 60
-123.1 0 3 1 60
-123.2 0 3 1 60
-123.3 2 3 1 60
-123.4 1 3 1 60
-123.5 1 3 1 60
-123.6 2 3 1 60
-123.7 2 3 1 60
-123.8 3 3 1 60
-123.9 4 3 1 60
-124.0 4 3 1 60
-124.1 8 3 1 60
-124.2 6 3 1 60
-124.3 14 3 1 60
-124.4 8 3 1 60
-124.5 13 3 1 60
-124.6 14 3 1 60
-124.7 16 3 1 60
-124.8 18 3 1 60
-124.9 26 3 1 60
-125.0 28 3 1 60
-125.1 26 3 1 60
-125.2 30 3 1 60
-125.3 34 3 1 60
-125.4 41 3 1 60
-125.5 42 3 1 60
-125.6 56 3 1 60
-125.7 56 3 1 60
-125.8 74 3 1 60
-125.9 68 3 1 60
-126.0 64 3 1 60
-126.1 78 3 1 60
-126.2 80 3 1 60
-126.3 90 3 1 60
-126.4 88 3 1 60
-126.5 89 3 1 60
-126.6 92 3 1 60
-126.7 89 3 1 60
-126.8 98 3 1 60
-126.9 98 3 1 60
-127.0 98 3 1 60
-127.1 98 3 1 60
-127.2 99 3 1 60
-127.3 98 3 1 60
-127.4 98 3 1 60
-127.5 100 3 1 60
-127.6 100 3 1 60
-122.5 0 3 2 60
-122.6 1 3 2 60
-122.7 0 3 2 60
-122.8 2 3 2 60
-122.9 2 3 2 60
-123.0 1 3 2 60
-123.1 2 3 2 60
-123.2 2 3 2 60
-123.3 4 3 2 60
-123.4 3 3 2 60
-123.5 0 3 2 60
-123.6 8 3 2 60
-123.7 4 3 2 60
-123.8 10 3 2 60
-123.9 8 3 2 60
-124.0 10 3 2 60
-124.1 14 3 2 60
-124.2 16 3 2 60
-124.3 20 3 2 60
-124.4 22 3 2 60
-124.5 20 3 2 60
-124.6 26 3 2 60
-124.7 26 3 2 60
-124.8 84 3 2 60
-124.9 52 3 2 60
-125.0 44 3 2 60
-125.1 46 3 2 60
-125.2 58 3 2 60
-125.3 66 3 2 60
-125.4 68 3 2 60
-125.5 74 3 2 60
-125.6 80 3 2 60
-125.7 72 3 2 60
-125.8 86 3 2 60
-125.9 87 3 2 60
-126.0 89 3 2 60
-126.1 93 3 2 60
-126.2 90 3 2 60
-126.3 96 3 2 60
-126.4 96 3 2 60
-126.5 98 3 2 60
-126.6 98 3 2 60
-126.7 100 3 2 60
-122.5 0 3 3 60
-122.6 0 3 3 60
-122.7 0 3 3 60
-122.8 1 3 3 60
-122.9 1 3 3 60
-123.0 2 3 3 60
-123.1 4 3 3 60
-123.2 2 3 3 60
-123.3 2 3 3 60
-123.4 2 3 3 60
-123.5 6 3 3 60
-123.6 4 3 3 60
-123.7 6 3 3 60
-123.8 6 3 3 60
-123.9 12 3 3 60
-124.0 6 3 3 60
-124.1 11 3 3 60
-124.2 12 3 3 60
-124.3 16 3 3 60
-124.4 20 3 3 60
-124.5 18 3 3 60
-124.6 28 3 3 60
-124.7 27 3 3 60
-124.8 36 3 3 60
-124.9 36 3 3 60
-125.0 29 3 3 60
-125.1 44 3 3 60
-125.2 40 3 3 60
-125.3 56 3 3 60
-125.4 54 3 3 60
-125.5 53 3 3 60
-125.6 72 3 3 60
-125.7 74 3 3 60
-125.8 82 3 3 60
-125.9 80 3 3 60
-126.0 82 3 3 60
-126.1 87 3 3 60
-126.2 88 3 3 60
-126.3 90 3 3 60
-126.4 95 3 3 60
-126.5 93 3 3 60
-126.6 96 3 3 60
-126.7 96 3 3 60
-126.8 99 3 3 60
-126.9 98 3 3 60
-127.0 98 3 3 60
-127.1 100 3 3 60
-122.5 2 3 4 60
-122.6 2 3 4 60
-122.7 1 3 4 60
-122.8 1 3 4 60
-122.9 2 3 4 60
-123.0 0 3 4 60
-123.1 1 3 4 60
-123.2 3 3 4 60
-123.3 4 3 4 60
-123.4 2 3 4 60
-123.5 4 3 4 60
-123.6 4 3 4 60
-123.7 4 3 4 60
-123.8 8 3 4 60
-123.9 6 3 4 60
-124.0 8 3 4 60
-124.1 10 3 4 60
-124.2 12 3 4 60
-124.3 16 3 4 60
-124.4 9 3 4 60
-124.5 12 3 4 60
-124.6 18 3 4 60
-124.7 26 3 4 60
-124.8 34 3 4 60
-124.9 30 3 4 60
-125.0 28 3 4 60
-125.1 36 3 4 60
-125.2 40 3 4 60
-125.3 48 3 4 60
-125.4 58 3 4 60
-125.5 56 3 4 60
-125.6 68 3 4 60
-125.7 96 3 4 60
-125.8 77 3 4 60
-125.9 79 3 4 60
-126.0 78 3 4 60
-126.1 84 3 4 60
-126.2 84 3 4 60
-126.3 90 3 4 60
-126.4 94 3 4 60
-126.5 94 3 4 60
-126.6 96 3 4 60
-126.7 98 3 4 60
-126.8 98 3 4 60
-126.9 98 3 4 60
-127.0 99 3 4 60
-127.1 99 3 4 60
-127.2 100 3 4 60
-122.5 1 3 5 60
-122.6 0 3 5 60
-122.7 0 3 5 60
-122.8 1 3 5 60
-122.9 2 3 5 60
-123.0 1 3 5 60
-123.1 0 3 5 60
-123.2 0 3 5 60
-123.3 2 3 5 60
-123.4 1 3 5 60
-123.5 2 3 5 60
-123.6 2 3 5 60
-123.7 4 3 5 60
-123.8 4 3 5 60
-123.9 4 3 5 60
-124.0 3 3 5 60
-124.1 6 3 5 60
-124.2 5 3 5 60
-124.3 13 3 5 60
-124.4 14 3 5 60
-124.5 10 3 5 60
-124.6 18 3 5 60
-124.7 19 3 5 60
-124.8 26 3 5 60
-124.9 26 3 5 60
-125.0 21 3 5 60
-125.1 34 3 5 60
-125.2 37 3 5 60
-125.3 50 3 5 60
-125.4 52 3 5 60
-125.5 50 3 5 60
-125.6 65 3 5 60
-125.7 66 3 5 60
-125.8 66 3 5 60
-125.9 77 3 5 60
-126.0 68 3 5 60
-126.1 84 3 5 60
-126.2 82 3 5 60
-126.3 90 3 5 60
-126.4 92 3 5 60
-126.5 99 3 5 60
-126.6 95 3 5 60
-126.7 94 3 5 60
-126.8 98 3 5 60
-126.9 98 3 5 60
-127.0 98 3 5 60
-127.1 100 3 5 60
-127.2 100 3 5 60
-127.3 99 3 5 60
-127.4 100 3 5 60
-122.5 0 3 6 60
-122.6 2 3 6 60
-122.7 0 3 6 60
-122.8 2 3 6 60
-122.9 0 3 6 60
-123.0 0 3 6 60
-123.1 0 3 6 60
-123.2 4 3 6 60
-123.3 2 3 6 60
-123.4 4 3 6 60
-123.5 3 3 6 60
-123.6 4 3 6 60
-123.7 2 3 6 60
-123.8 4 3 6 60
-123.9 4 3 6 60
-124.0 2 3 6 60
-124.1 8 3 6 60
-124.2 6 3 6 60
-124.3 10 3 6 60
-124.4 16 3 6 60
-124.5 12 3 6 60
-124.6 16 3 6 60
-124.7 17 3 6 60
-124.8 28 3 6 60
-124.9 26 3 6 60
-125.0 26 3 6 60
-125.1 35 3 6 60
-125.2 36 3 6 60
-125.3 46 3 6 60
-125.4 53 3 6 60
-125.5 50 3 6 60
-125.6 64 3 6 60
-125.7 64 3 6 60
-125.8 80 3 6 60
-125.9 81 3 6 60
-126.0 74 3 6 60
-126.1 84 3 6 60
-126.2 86 3 6 60
-126.3 92 3 6 60
-126.4 89 3 6 60
-126.5 90 3 6 60
-126.6 97 3 6 60
-126.7 96 3 6 60
-126.8 100 3 6 60
-122.5 3 3 7 60
-122.6 3 3 7 60
-122.7 2 3 7 60
-122.8 2 3 7 60
-122.9 0 3 7 60
-123.0 4 3 7 60
-123.1 4 3 7 60
-123.2 6 3 7 60
-123.3 6 3 7 60
-123.4 6 3 7 60
-123.5 6 3 7 60
-123.6 6 3 7 60
-123.7 6 3 7 60
-123.8 12 3 7 60
-123.9 15 3 7 60
-124.0 7 3 7 60
-124.1 19 3 7 60
-124.2 14 3 7 60
-124.3 30 3 7 60
-124.4 30 3 7 60
-124.5 26 3 7 60
-124.6 42 3 7 60
-124.7 32 3 7 60
-124.8 46 3 7 60
-124.9 51 3 7 60
-125.0 44 3 7 60
-125.1 63 3 7 60
-125.2 63 3 7 60
-125.3 72 3 7 60
-125.4 68 3 7 60
-125.5 68 3 7 60
-125.6 83 3 7 60
-125.7 84 3 7 60
-125.8 89 3 7 60
-125.9 91 3 7 60
-126.0 93 3 7 60
-126.1 98 3 7 60
-126.2 94 3 7 60
-126.3 98 3 7 60
-126.4 98 3 7 60
-126.5 97 3 7 60
-126.6 100 3 7 60
-122.5 2 4 0 60
