-122.5 0 0 0 0
-123.5 0 0 0 0
-124.5 1 0 0 0
-125.5 10 0 0 0
-126.5 44 0 0 0
-127.5 85 0 0 0
-128.5 100 0 0 0
-122.5 0 0 1 0
-123.5 0 0 1 0
-124.5 1 0 1 0
-125.5 11 0 1 0
-126.5 56 0 1 0
-127.5 90 0 1 0
-128.5 98 0 1 0
-129.5 100 0 1 0
-122.5 1 0 2 0
-123.5 0 0 2 0
-124.5 6 0 2 0
-125.5 35 0 2 0
-126.5 82 0 2 0
-127.5 99 0 2 0
-128.5 100 0 2 0
-122.5 0 0 3 0
-123.5 2 0 3 0
-124.5 5 0 3 0
-125.5 28 0 3 0
-126.5 70 0 3 0
-127.5 97 0 3 0
-128.5 100 0 3 0
-122.5 0 0 4 0
-123.5 1 0 4 0
-124.5 1 0 4 0
-125.5 24 0 4 0
-126.5 87 0 4 0
-127.5 95 0 4 0
-128.5 100 0 4 0
-122.5 0 0 5 0
-123.5 0 0 5 0
-124.5 3 0 5 0
-125.5 27 0 5 0
-126.5 72 0 5 0
-127.5 98 0 5 0
-128.5 99 0 5 0
-129.5 100 0 5 0
-122.5 1 0 6 0
-123.5 3 0 6 0
-124.5 3 0 6 0
-125.5 23 0 6 0
-126.5 80 0 6 0
-127.5 99 0 6 0
-128.5 100 0 6 0
-122.5 1 0 7 0
-123.5 5 0 7 0
-124.5 11 0 7 0
-125.5 51 0 7 0
-126.5 92 0 7 0
-127.5 100 0 7 0
-122.5 0 1 0 20
-123.5 0 1 0 20
-124.5 7 1 0 20
-125.5 14 1 0 20
-126.5 57 1 0 20
-127.5 97 1 0 20
-128.5 100 1 0 20
-122.5 0 1 1 20
-123.5 0 1 1 20
-124.5 5 1 1 20
-125.5 34 1 1 20
-126.5 75 1 1 20
-127.5 99 1 1 20
-128.5 99 1 1 20
-129.5 100 1 1 20
-122.5 0 1 2 20
-123.5 1 1 2 20
-124.5 11 1 2 20
-125.5 38 1 2 20
-126.5 84 1 2 20
-127.5 100 1 2 20
-122.5 0 1 3 20
-123.5 1 1 3 20
-124.5 6 1 3 20
-125.5 32 1 3 20
-126.5 78 1 3 20
-127.5 97 1 3 20
-128.5 100 1 3 20
-122.5 0 1 4 20
-123.5 0 1 4 20
-124.5 5 1 4 20
-125.5 32 1 4 20
-126.5 77 1 4 20
-127.5 99 1 4 20
-128.5 100 1 4 20
-122.5 2 1 5 20
-123.5 2 1 5 20
-124.5 2 1 5 20
-125.5 34 1 5 20
-126.5 73 1 5 20
-127.5 100 1 5 20
-122.5 0 1 6 20
-123.5 1 1 6 20
-124.5 3 1 6 20
-125.5 31 1 6 20
-126.5 78 1 6 20
-127.5 97 1 6 20
-128.5 100 1 6 20
-122.5 4 1 7 20
-123.5 4 1 7 20
-124.5 11 1 7 20
-125.5 50 1 7 20
-126.5 96 1 7 20
-127.5 99 1 7 20
-128.5 100 1 7 20
-122.5 1 2 0 40
-123.5 2 2 0 40
-124.5 4 2 0 40
-125.5 49 2 0 40
-126.5 93 2 0 40
-127.5 100 2 0 40
-122.5 0 2 1 40
-123.5 0 2 1 40
-124.5 10 2 1 40
-125.5 60 2 1 40
-126.5 90 2 1 40
-127.5 100 2 1 40
-122.5 3 2 2 40
-123.5 9 2 2 40
-124.5 27 2 2 40
-125.5 79 2 2 40
-126.5 95 2 2 40
-127.5 100 2 2 40
-122.5 0 2 3 40
-123.5 9 2 3 40
-124.5 22 2 3 40
-125.5 66 2 3 40
-126.5 98 2 3 40
-127.5 100 2 3 40
-122.5 0 2 4 40
-123.5 9 2 4 40
-124.5 24 2 4 40
-125.5 70 2 4 40
-126.5 95 2 4 40
-127.5 100 2 4 40
-122.5 5 2 5 40
-123.5 1 2 5 40
-124.5 16 2 5 40
-125.5 63 2 5 40
-126.5 95 2 5 40
-127.5 100 2 5 40
-122.5 0 2 6 40
-123.5 1 2 6 40
-124.5 18 2 6 40
-125.5 64 2 6 40
-126.5 96 2 6 40
-127.5 100 2 6 40
-122.5 3 2 7 40
-123.5 8 2 7 40
-124.5 34 2 7 40
-125.5 84 2 7 40
-126.5 99 2 7 40
-127.5 99 2 7 40
-128.5 100 2 7 40
-122.5 0 3 0 55
-123.5 3 3 0 55
-124.5 13 3 0 55
-125.5 49 3 0 55
-126.5 95 3 0 55
-127.5 100 3 0 55
-122.5 0 3 1 55
-123.5 1 3 1 55
-124.5 15 3 1 55
-125.5 54 3 1 55
-126.5 94 3 1 55
-127.5 99 3 1 55
-128.5 100 3 1 55
-122.5 1 3 2 55
-123.5 5 3 2 55
-124.5 26 3 2 55
-125.5 71 3 2 55
-126.5 94 3 2 55
-127.5 100 3 2 55
-122.5 1 3 3 55
-123.5 5 3 3 55
-124.5 24 3 3 55
-125.5 69 3 3 55
-126.5 95 3 3 55
-127.5 100 3 3 55
-122.5 0 3 4 55
-123.5 2 3 4 55
-124.5 20 3 4 55
-125.5 67 3 4 55
-126.5 97 3 4 55
-127.5 100 3 4 55
-122.5 2 3 5 55
-123.5 0 3 5 55
-124.5 21 3 5 55
-125.5 53 3 5 55
-126.5 96 3 5 55
-127.5 99 3 5 55
-128.5 100 3 5 55
-122.5 2 3 6 55
-123.5 3 3 6 55
-124.5 20 3 6 55
-125.5 61 3 6 55
-126.5 94 3 6 55
-127.5 100 3 6 55
-122.5 1 3 7 55
-123.5 5 3 7 55
-124.5 29 3 7 55
-125.5 81 3 7 55
-126.5 100 3 7 55
