-125 3 0 0 20
-126 9 0 0 20
-126 34 0 0 20
-126 48 0 0 20
-127 69 0 0 20
-128 93 0 0 20
-128 98 0 0 20
-128 100 0 0 20
-125 8 0 1 20
-126 12 0 1 20
-126 39 0 1 20
-126 55 0 1 20
-127 73 0 1 20
-128 92 0 1 20
-128 99 0 1 20
-128 98 0 1 20
-129 99 0 1 20
-130 100 0 1 20
-125 25 0 2 20
-126 36 0 2 20
-126 61 0 2 20
-126 85 0 2 20
-127 90 0 2 20
-128 98 0 2 20
-128 100 0 2 20
-125 9 0 3 20
-126 25 0 3 20
-126 40 0 3 20
-126 77 0 3 20
-127 82 0 3 20
-128 99 0 3 20
-128 100 0 3 20
-125 6 0 4 20
-126 19 0 4 20
-126 42 0 4 20
-126 70 0 4 20
-127 90 0 4 20
-128 96 0 4 20
-128 99 0 4 20
-128 100 0 4 20
-125 7 0 5 20
-126 21 0 5 20
-126 52 0 5 20
-126 79 0 5 20
-127 89 0 5 20
-128 98 0 5 20
-128 100 0 5 20
-125 9 0 6 20
-126 34 0 6 20
-126 53 0 6 20
-126 70 0 6 20
-127 91 0 6 20
-128 97 0 6 20
-128 99 0 6 20
-128 100 0 6 20
-125 27 0 7 20
-126 52 0 7 20
-126 79 0 7 20
-126 92 0 7 20
-127 97 0 7 20
-128 99 0 7 20
-128 100 0 7 20
-125 5 1 0 40
-126 21 1 0 40
-126 30 1 0 40
-126 57 1 0 40
-127 77 1 0 40
-128 91 1 0 40
-128 99 1 0 40
-128 100 1 0 40
-125 10 1 1 40
-126 23 1 1 40
-126 39 1 1 40
-126 65 1 1 40
-127 86 1 1 40
-128 96 1 1 40
-128 99 1 1 40
-128 100 1 1 40
-125 19 1 2 40
-126 48 1 2 40
-126 70 1 2 40
-126 90 1 2 40
-127 100 1 2 40
-125 16 1 3 40
-126 24 1 3 40
-126 61 1 3 40
-126 81 1 3 40
-127 93 1 3 40
-128 100 1 3 40
-125 13 1 4 40
-126 25 1 4 40
-126 52 1 4 40
-126 69 1 4 40
-127 90 1 4 40
-128 97 1 4 40
-128 100 1 4 40
-125 9 1 5 40
-126 30 1 5 40
-126 45 1 5 40
-126 67 1 5 40
-127 88 1 5 40
-128 97 1 5 40
-128 100 1 5 40
-125 15 1 6 40
-126 34 1 6 40
-126 55 1 6 40
-126 71 1 6 40
-127 93 1 6 40
-128 99 1 6 40
-128 99 1 6 40
-128 100 1 6 40
-125 25 1 7 40
-126 45 1 7 40
-126 79 1 7 40
-126 92 1 7 40
-127 99 1 7 40
-128 100 1 7 40
-125 21 2 0 55
-126 36 2 0 55
-126 66 2 0 55
-126 83 2 0 55
-127 95 2 0 55
-128 99 2 0 55
-128 100 2 0 55
-125 29 2 1 55
-126 50 2 1 55
-126 75 2 1 55
-126 94 2 1 55
-127 98 2 1 55
-128 100 2 1 55
-125 42 2 2 55
-126 76 2 2 55
-126 87 2 2 55
-126 98 2 2 55
-127 98 2 2 55
-128 100 2 2 55
-125 50 2 3 55
-126 50 2 3 55
-126 91 2 3 55
-126 96 2 3 55
-127 99 2 3 55
-128 99 2 3 55
-128 99 2 3 55
-128 100 2 3 55
-125 38 2 4 55
-126 62 2 4 55
-126 79 2 4 55
-126 95 2 4 55
-127 97 2 4 55
-128 100 2 4 55
-125 31 2 5 55
-126 52 2 5 55
-126 77 2 5 55
-126 94 2 5 55
-127 100 2 5 55
-125 28 2 6 55
-126 63 2 6 55
-126 86 2 6 55
-126 96 2 6 55
-127 99 2 6 55
-128 100 2 6 55
-125 47 2 7 55
-126 75 2 7 55
-126 96 2 7 55
-126 99 2 7 55
-127 100 2 7 55
