-55.0 0 0 0 7 125 867900000.0
-75.0 0 0 0 7 125 867900000.0
-95.0 0 0 0 7 125 867900000.0
-115.0 0 0 0 7 125 867900000.0
-120.0 0 0 0 7 125 867900000.0
-122.5 0 0 0 7 125 867900000.0
-123.5 0 0 0 7 125 867900000.0
-123.75 4 0 0 7 125 867900000.0
-124.0 0 0 0 7 125 867900000.0
-124.25 5 0 0 7 125 867900000.0
-124.5 6 0 0 7 125 867900000.0
-124.75 7 0 0 7 125 867900000.0
-125.0 11 0 0 7 125 867900000.0
-125.25 23 0 0 7 125 867900000.0
-125.5 29 0 0 7 125 867900000.0
-125.75 42 0 0 7 125 867900000.0
-126.0 50 0 0 7 125 867900000.0
-126.25 59 0 0 7 125 867900000.0
-126.5 71 0 0 7 125 867900000.0
-126.75 87 0 0 7 125 867900000.0
-127.0 89 0 0 7 125 867900000.0
-127.25 92 0 0 7 125 867900000.0
-127.5 99 0 0 7 125 867900000.0
-127.75 99 0 0 7 125 867900000.0
-128.0 100 0 0 7 125 867900000.0
-55.0 0 0 0 7 125 868100000.0
-75.0 0 0 0 7 125 868100000.0
-95.0 0 0 0 7 125 868100000.0
-115.0 0 0 0 7 125 868100000.0
-117.5 0 0 0 7 125 868100000.0
-120.0 0 0 0 7 125 868100000.0
-122.5 0 0 0 7 125 868100000.0
-122.75 1 0 0 7 125 868100000.0
-123.0 0 0 0 7 125 868100000.0
-123.25 1 0 0 7 125 868100000.0
-123.5 0 0 0 7 125 868100000.0
-123.75 1 0 0 7 125 868100000.0
-124.0 9 0 0 7 125 868100000.0
-124.25 3 0 0 7 125 868100000.0
-124.5 5 0 0 7 125 868100000.0
-124.75 8 0 0 7 125 868100000.0
-125.0 9 0 0 7 125 868100000.0
-125.25 27 0 0 7 125 868100000.0
-125.5 35 0 0 7 125 868100000.0
-125.75 40 0 0 7 125 868100000.0
-126.0 52 0 0 7 125 868100000.0
-126.25 75 0 0 7 125 868100000.0
-126.5 82 0 0 7 125 868100000.0
-126.75 88 0 0 7 125 868100000.0
-127.0 91 0 0 7 125 868100000.0
-127.25 95 0 0 7 125 868100000.0
-127.5 97 0 0 7 125 868100000.0
-127.75 99 0 0 7 125 868100000.0
-128.0 100 0 0 7 125 868100000.0
-55.0 0 0 0 7 125 868300000.0
-75.0 0 0 0 7 125 868300000.0
-95.0 0 0 0 7 125 868300000.0
-115.0 0 0 0 7 125 868300000.0
-120.0 0 0 0 7 125 868300000.0
-122.5 0 0 0 7 125 868300000.0
-122.75 0 0 0 7 125 868300000.0
-123.0 1 0 0 7 125 868300000.0
-123.25 1 0 0 7 125 868300000.0
-123.5 2 0 0 7 125 868300000.0
-123.75 0 0 0 7 125 868300000.0
-124.0 1 0 0 7 125 868300000.0
-124.25 3 0 0 7 125 868300000.0
-124.5 12 0 0 7 125 868300000.0
-124.75 9 0 0 7 125 868300000.0
-125.0 15 0 0 7 125 868300000.0
-125.25 37 0 0 7 125 868300000.0
-125.5 35 0 0 7 125 868300000.0
-125.75 58 0 0 7 125 868300000.0
-126.0 60 0 0 7 125 868300000.0
-126.25 76 0 0 7 125 868300000.0
-126.5 84 0 0 7 125 868300000.0
-126.75 94 0 0 7 125 868300000.0
-127.0 93 0 0 7 125 868300000.0
-127.25 98 0 0 7 125 868300000.0
-127.5 99 0 0 7 125 868300000.0
-127.75 98 0 0 7 125 868300000.0
-128.0 100 0 0 7 125 868300000.0
-55.0 0 0 0 7 125 868500000.0
-75.0 0 0 0 7 125 868500000.0
-95.0 0 0 0 7 125 868500000.0
-105.0 0 0 0 7 125 868500000.0
-115.0 0 0 0 7 125 868500000.0
-120.0 0 0 0 7 125 868500000.0
-120.25 0 0 0 7 125 868500000.0
-120.5 0 0 0 7 125 868500000.0
-120.75 0 0 0 7 125 868500000.0
-121.0 0 0 0 7 125 868500000.0
-121.25 0 0 0 7 125 868500000.0
-121.5 0 0 0 7 125 868500000.0
-121.75 2 0 0 7 125 868500000.0
-122.0 0 0 0 7 125 868500000.0
-122.25 0 0 0 7 125 868500000.0
-122.5 0 0 0 7 125 868500000.0
-122.75 1 0 0 7 125 868500000.0
-123.0 2 0 0 7 125 868500000.0
-123.25 3 0 0 7 125 868500000.0
-123.5 2 0 0 7 125 868500000.0
-123.75 7 0 0 7 125 868500000.0
-124.0 10 0 0 7 125 868500000.0
-124.25 16 0 0 7 125 868500000.0
-124.5 13 0 0 7 125 868500000.0
-124.75 24 0 0 7 125 868500000.0
-125.0 35 0 0 7 125 868500000.0
-125.25 50 0 0 7 125 868500000.0
-125.5 61 0 0 7 125 868500000.0
-125.75 71 0 0 7 125 868500000.0
-126.0 78 0 0 7 125 868500000.0
-126.25 95 0 0 7 125 868500000.0
-126.5 94 0 0 7 125 868500000.0
-126.75 100 0 0 7 125 868500000.0
-55.0 0 0 0 7 125 871100000.0
-57.5 0 0 0 7 125 871100000.0
-60.0 0 0 0 7 125 871100000.0
-61.0 0 0 0 7 125 871100000.0
-62.0 0 0 0 7 125 871100000.0
-62.25 9 0 0 7 125 871100000.0
-62.5 2 0 0 7 125 871100000.0
-62.75 0 0 0 7 125 871100000.0
-63.0 9 0 0 7 125 871100000.0
-63.25 30 0 0 7 125 871100000.0
-63.5 64 0 0 7 125 871100000.0
-63.75 77 0 0 7 125 871100000.0
-64.0 19 0 0 7 125 871100000.0
-64.25 92 0 0 7 125 871100000.0
-64.5 22 0 0 7 125 871100000.0
-64.75 61 0 0 7 125 871100000.0
-65.0 95 0 0 7 125 871100000.0
-65.25 97 0 0 7 125 871100000.0
-65.5 55 0 0 7 125 871100000.0
-65.75 78 0 0 7 125 871100000.0
-66.0 99 0 0 7 125 871100000.0
-66.25 83 0 0 7 125 871100000.0
-66.5 92 0 0 7 125 871100000.0
-66.75 99 0 0 7 125 871100000.0
-67.0 100 0 0 7 125 871100000.0
-55.0 0 0 0 7 125 871300000.0
-60.0 0 0 0 7 125 871300000.0
-60.25 0 0 0 7 125 871300000.0
-60.5 0 0 0 7 125 871300000.0
-60.75 1 0 0 7 125 871300000.0
-61.0 0 0 0 7 125 871300000.0
-61.25 1 0 0 7 125 871300000.0
-61.5 3 0 0 7 125 871300000.0
-61.75 2 0 0 7 125 871300000.0
-62.0 1 0 0 7 125 871300000.0
-62.25 6 0 0 7 125 871300000.0
-62.5 13 0 0 7 125 871300000.0
-62.75 11 0 0 7 125 871300000.0
-63.0 13 0 0 7 125 871300000.0
-63.25 24 0 0 7 125 871300000.0
-63.5 42 0 0 7 125 871300000.0
-63.75 39 0 0 7 125 871300000.0
-64.0 55 0 0 7 125 871300000.0
-64.25 68 0 0 7 125 871300000.0
-64.5 85 0 0 7 125 871300000.0
-64.75 87 0 0 7 125 871300000.0
-65.0 96 0 0 7 125 871300000.0
-65.25 95 0 0 7 125 871300000.0
-65.5 98 0 0 7 125 871300000.0
-65.75 99 0 0 7 125 871300000.0
-66.0 100 0 0 7 125 871300000.0
-55.0 0 0 0 7 125 871500000.0
-60.0 0 0 0 7 125 871500000.0
-61.0 0 0 0 7 125 871500000.0
-61.25 3 0 0 7 125 871500000.0
-61.5 10 0 0 7 125 871500000.0
-61.75 14 0 0 7 125 871500000.0
-62.0 14 0 0 7 125 871500000.0
-62.25 25 0 0 7 125 871500000.0
-62.5 37 0 0 7 125 871500000.0
-62.75 57 0 0 7 125 871500000.0
-63.0 56 0 0 7 125 871500000.0
-63.25 75 0 0 7 125 871500000.0
-63.5 74 0 0 7 125 871500000.0
-63.75 87 0 0 7 125 871500000.0
-64.0 96 0 0 7 125 871500000.0
-64.25 95 0 0 7 125 871500000.0
-64.5 100 0 0 7 125 871500000.0
-55.0 0 0 0 7 125 871700000.0
-57.5 0 0 0 7 125 871700000.0
-58.5 0 0 0 7 125 871700000.0
-58.75 2 0 0 7 125 871700000.0
-59.0 0 0 0 7 125 871700000.0
-59.25 0 0 0 7 125 871700000.0
-59.5 0 0 0 7 125 871700000.0
-59.75 0 0 0 7 125 871700000.0
-60.0 2 0 0 7 125 871700000.0
-60.25 1 0 0 7 125 871700000.0
-60.5 3 0 0 7 125 871700000.0
-60.75 5 0 0 7 125 871700000.0
-61.0 4 0 0 7 125 871700000.0
-61.25 9 0 0 7 125 871700000.0
-61.5 18 0 0 7 125 871700000.0
-61.75 18 0 0 7 125 871700000.0
-62.0 24 0 0 7 125 871700000.0
-62.25 23 0 0 7 125 871700000.0
-62.5 45 0 0 7 125 871700000.0
-62.75 63 0 0 7 125 871700000.0
-63.0 70 0 0 7 125 871700000.0
-63.25 78 0 0 7 125 871700000.0
-63.5 80 0 0 7 125 871700000.0
-63.75 90 0 0 7 125 871700000.0
-64.0 95 0 0 7 125 871700000.0
-64.25 100 0 0 7 125 871700000.0
-55.0 0 0 0 7 125 871900000.0
-57.5 0 0 0 7 125 871900000.0
-58.5 0 0 0 7 125 871900000.0
-58.75 1 0 0 7 125 871900000.0
-59.0 2 0 0 7 125 871900000.0
-59.25 1 0 0 7 125 871900000.0
-59.5 0 0 0 7 125 871900000.0
-59.75 2 0 0 7 125 871900000.0
-60.0 3 0 0 7 125 871900000.0
-60.25 4 0 0 7 125 871900000.0
-60.5 14 0 0 7 125 871900000.0
-60.75 4 0 0 7 125 871900000.0
-61.0 15 0 0 7 125 871900000.0
-61.25 13 0 0 7 125 871900000.0
-61.5 25 0 0 7 125 871900000.0
-61.75 31 0 0 7 125 871900000.0
-62.0 56 0 0 7 125 871900000.0
-62.25 53 0 0 7 125 871900000.0
-62.5 63 0 0 7 125 871900000.0
-62.75 84 0 0 7 125 871900000.0
-63.0 98 0 0 7 125 871900000.0
-63.25 88 0 0 7 125 871900000.0
-63.5 95 0 0 7 125 871900000.0
-63.75 98 0 0 7 125 871900000.0
-64.0 99 0 0 7 125 871900000.0
-64.25 99 0 0 7 125 871900000.0
-64.5 100 0 0 7 125 871900000.0
